=== MultilayerPerceptron FINE-TUNING ===
Optimizazio metrika: F-Measure (spam)
Train: Partiketak/train_final.arff
Dev  : Partiketak/dev_final.arff

LearningRate    Momentum     HiddenLayers   Epochs   F-spam       F-ham        WAvg-F       Denbora(s)  
----------------------------------------------------------------------------------------------------
0,003           0,1          3              200      0,8604       0,9520       0,9255       42,63       
0,003           0,1          3              300      0,8604       0,9520       0,9255       65,76       
0,003           0,1          3              500      0,8791       0,9567       0,9343       104,95      
0,003           0,1          5              200      0,8604       0,9520       0,9255       63,33       
0,003           0,1          5              300      0,8561       0,9508       0,9233       96,76       
0,003           0,1          5              500      0,8708       0,9542       0,9301       163,78      
0,003           0,1          10             200      0,8647       0,9532       0,9276       115,74      
0,003           0,1          10             300      0,8441       0,9470       0,9172       171,54      
0,003           0,1          10             500      0,8750       0,9555       0,9322       300,51      
0,003           0,2          3              200      0,8561       0,9508       0,9233       40,73       
0,003           0,2          3              300      0,8561       0,9508       0,9233       63,53       
0,003           0,2          3              500      0,8791       0,9567       0,9343       101,77      
0,003           0,2          5              200      0,8561       0,9508       0,9233       62,74       
0,003           0,2          5              300      0,8429       0,9471       0,9169       93,95       
0,003           0,2          5              500      0,8625       0,9518       0,9259       155,09      
0,003           0,2          10             200      0,8604       0,9520       0,9255       119,36      
0,003           0,2          10             300      0,8485       0,9482       0,9193       179,58      
0,003           0,2          10             500      0,8750       0,9555       0,9322       302,60      
0,003           0,3          3              200      0,8561       0,9508       0,9233       44,84       
0,003           0,3          3              300      0,8517       0,9495       0,9212       62,50       
0,003           0,3          3              500      0,8791       0,9567       0,9343       111,21      
0,003           0,3          5              200      0,8517       0,9495       0,9212       68,04       
0,003           0,3          5              300      0,8385       0,9459       0,9148       103,19      
0,003           0,3          5              500      0,8667       0,9530       0,9280       173,12      
0,003           0,3          10             200      0,8517       0,9495       0,9212       116,34      
0,003           0,3          10             300      0,8441       0,9470       0,9172       171,87      
0,003           0,3          10             500      0,8708       0,9542       0,9301       297,60      
0,005           0,1          3              200      0,8340       0,9447       0,9126       41,48       
0,005           0,1          3              300      0,8561       0,9508       0,9233       64,30       
0,005           0,1          3              500      0,8791       0,9567       0,9343       105,22      
0,005           0,1          5              200      0,8429       0,9471       0,9169       65,30       
0,005           0,1          5              300      0,8385       0,9459       0,9148       94,24       
0,005           0,1          5              500      0,8667       0,9530       0,9280       160,11      
0,005           0,1          10             200      0,8429       0,9471       0,9169       117,17      
0,005           0,1          10             300      0,8473       0,9483       0,9191       174,56      
0,005           0,1          10             500      0,8667       0,9530       0,9280       285,50      
0,005           0,2          3              200      0,8281       0,9436       0,9102       40,87       
0,005           0,2          3              300      0,8604       0,9520       0,9255       61,34       
0,005           0,2          3              500      0,8873       0,9593       0,9384       102,71      
0,005           0,2          5              200      0,8385       0,9459       0,9148       62,08       
0,005           0,2          5              300      0,8517       0,9495       0,9212       96,44       
0,005           0,2          5              500      0,8708       0,9542       0,9301       155,84      
0,005           0,2          10             200      0,8429       0,9471       0,9169       120,33      
0,005           0,2          10             300      0,8429       0,9471       0,9169       173,36      
0,005           0,2          10             500      0,8667       0,9530       0,9280       298,32      
0,005           0,3          3              200      0,8000       0,9364       0,8969       41,48       
0,005           0,3          3              300      0,8561       0,9508       0,9233       64,17       
0,005           0,3          3              500      0,8993       0,9631       0,9446       103,10      
0,005           0,3          5              200      0,8016       0,9362       0,8972       63,42       
0,005           0,3          5              300      0,8473       0,9483       0,9191       94,98       
0,005           0,3          5              500      0,8832       0,9580       0,9363       157,55      
0,005           0,3          10             200      0,8340       0,9447       0,9126       115,82      
0,005           0,3          10             300      0,8385       0,9459       0,9148       174,56      
0,005           0,3          10             500      0,8582       0,9505       0,9238       302,30      
0,010           0,1          3              200      0,7673       0,9279       0,8814       41,98       
0,010           0,1          3              300      0,8528       0,9494       0,9214       62,10       
0,010           0,1          3              500      0,9110       0,9669       0,9507       105,19      
0,010           0,1          5              200      0,8249       0,9422       0,9083       64,68       
0,010           0,1          5              300      0,8961       0,9617       0,9427       100,36      
0,010           0,1          5              500      0,9078       0,9655       0,9488       156,57      
0,010           0,1          10             200      0,7013       0,9143       0,8526       119,22      
0,010           0,1          10             300      0,7968       0,9350       0,8950       177,83      
0,010           0,1          10             500      0,9078       0,9655       0,9488       302,49      
0,010           0,2          3              200      0,7871       0,9327       0,8905       41,67       
0,010           0,2          3              300      0,9032       0,9643       0,9466       61,77       
0,010           0,2          3              500      0,9078       0,9655       0,9488       103,30      
0,010           0,2          5              200      0,8157       0,9398       0,9039       62,91       
0,010           0,2          5              300      0,8657       0,9531       0,9278       93,58       
0,010           0,2          5              500      0,9117       0,9668       0,9508       161,89      
0,010           0,2          10             200      0,7203       0,9175       0,8604       115,68      
0,010           0,2          10             300      0,7840       0,9313       0,8886       172,96      
0,010           0,2          10             500      0,8961       0,9617       0,9427       289,73      
0,010           0,3          3              200      0,9025       0,9644       0,9465       41,58       
0,010           0,3          3              300      0,9032       0,9643       0,9466       64,68       
0,010           0,3          3              500      0,9032       0,9643       0,9466       108,88      
0,010           0,3          5              200      0,7623       0,9268       0,8791       62,46       
0,010           0,3          5              300      0,9032       0,9643       0,9466       98,34       
0,010           0,3          5              500      0,9071       0,9656       0,9487       157,13      
0,010           0,3          10             200      0,8295       0,9434       0,9104       116,17      
0,010           0,3          10             300      0,9071       0,9656       0,9487       172,43      
0,010           0,3          10             500      0,9110       0,9669       0,9507       300,96      

====================================================================================================
EREDU ONENA:
  Parametroak : LearningRate=0,010 | Momentum=0,2 | HiddenLayers=5 | Epochs=500
  F-Measure (spam): 0,9117
  Entrenamendu denbora: 161,89 seg
