=== MultilayerPerceptron FINE-TUNING ===
Optimizazio metrika: F-Measure (spam)
Train: Partiketak/train_final.arff
Dev  : Partiketak/dev_final.arff

LearningRate    Momentum     HiddenLayers   Epochs   F-spam       F-ham        WAvg-F       Denbora(s)  
----------------------------------------------------------------------------------------------------
0,003           0,1          3              200      0,9039       0,9642       0,9468       10,69       
0,003           0,1          3              300      0,9078       0,9655       0,9488       15,21       
0,003           0,1          3              500      0,8936       0,9602       0,9409       25,47       
0,003           0,1          5              200      0,9007       0,9629       0,9449       15,27       
0,003           0,1          5              300      0,9117       0,9668       0,9508       24,11       
0,003           0,1          5              500      0,9320       0,9730       0,9612       37,97       
0,003           0,1          10             200      0,9039       0,9642       0,9468       27,35       
0,003           0,1          10             300      0,9046       0,9641       0,9469       41,14       
0,003           0,1          10             500      0,8817       0,9564       0,9348       68,71       
0,003           0,2          3              200      0,9039       0,9642       0,9468       10,16       
0,003           0,2          3              300      0,9000       0,9630       0,9447       15,18       
0,003           0,2          3              500      0,8897       0,9589       0,9389       25,16       
0,003           0,2          5              200      0,9039       0,9642       0,9468       15,29       
0,003           0,2          5              300      0,9117       0,9668       0,9508       22,83       
0,003           0,2          5              500      0,8905       0,9588       0,9390       37,91       
0,003           0,2          10             200      0,9039       0,9642       0,9468       27,39       
0,003           0,2          10             300      0,8929       0,9603       0,9408       41,50       
0,003           0,2          10             500      0,8777       0,9551       0,9327       68,62       
0,003           0,3          3              200      0,8921       0,9604       0,9406       10,09       
0,003           0,3          3              300      0,8929       0,9603       0,9408       15,10       
0,003           0,3          3              500      0,8817       0,9564       0,9348       25,22       
0,003           0,3          5              200      0,9039       0,9642       0,9468       15,41       
0,003           0,3          5              300      0,9046       0,9641       0,9469       22,90       
0,003           0,3          5              500      0,8865       0,9576       0,9370       38,04       
0,003           0,3          10             200      0,8881       0,9592       0,9386       27,34       
0,003           0,3          10             300      0,8849       0,9578       0,9367       40,99       
0,003           0,3          10             500      0,8777       0,9551       0,9327       68,34       
0,005           0,1          3              200      0,8718       0,9541       0,9303       10,22       
0,005           0,1          3              300      0,8655       0,9514       0,9265       15,16       
0,005           0,1          3              500      0,8487       0,9464       0,9181       25,26       
0,005           0,1          5              200      0,8841       0,9579       0,9365       15,22       
0,005           0,1          5              300      0,8736       0,9539       0,9307       22,78       
0,005           0,1          5              500      0,8571       0,9489       0,9223       38,02       
0,005           0,1          10             200      0,8718       0,9541       0,9303       27,30       
0,005           0,1          10             300      0,8613       0,9501       0,9244       41,04       
0,005           0,1          10             500      0,8487       0,9464       0,9181       68,43       
0,005           0,2          3              200      0,8686       0,9528       0,9284       10,11       
0,005           0,2          3              300      0,8529       0,9476       0,9202       15,34       
0,005           0,2          3              500      0,8487       0,9464       0,9181       25,43       
0,005           0,2          5              200      0,8800       0,9566       0,9344       15,21       
0,005           0,2          5              300      0,8613       0,9501       0,9244       22,93       
0,005           0,2          5              500      0,8487       0,9464       0,9181       38,07       
0,005           0,2          10             200      0,8635       0,9516       0,9261       27,35       
0,005           0,2          10             300      0,8487       0,9464       0,9181       41,03       
0,005           0,2          10             500      0,8487       0,9464       0,9181       68,37       
0,005           0,3          3              200      0,8519       0,9478       0,9200       10,06       
0,005           0,3          3              300      0,8487       0,9464       0,9181       15,04       
0,005           0,3          3              500      0,8487       0,9464       0,9181       25,23       
0,005           0,3          5              200      0,8727       0,9540       0,9305       15,42       
0,005           0,3          5              300      0,8571       0,9489       0,9223       23,22       
0,005           0,3          5              500      0,8519       0,9478       0,9200       38,62       
0,005           0,3          10             200      0,8358       0,9427       0,9118       27,73       
0,005           0,3          10             300      0,8487       0,9464       0,9181       41,58       
0,005           0,3          10             500      0,8519       0,9478       0,9200       68,91       
0,010           0,1          3              200      0,8519       0,9478       0,9200       10,33       
0,010           0,1          3              300      0,8476       0,9465       0,9179       15,11       
0,010           0,1          3              500      0,8561       0,9490       0,9221       24,99       
0,010           0,1          5              200      0,8390       0,9441       0,9136       15,30       
0,010           0,1          5              300      0,8390       0,9441       0,9136       22,80       
0,010           0,1          5              500      0,8519       0,9478       0,9200       42,60       
0,010           0,1          10             200      0,8390       0,9441       0,9136       27,52       
0,010           0,1          10             300      0,8302       0,9416       0,9094       41,30       
0,010           0,1          10             500      0,8519       0,9478       0,9200       68,68       
0,010           0,2          3              200      0,8519       0,9478       0,9200       10,17       
0,010           0,2          3              300      0,8433       0,9453       0,9158       15,29       
0,010           0,2          3              500      0,8603       0,9503       0,9242       25,06       
0,010           0,2          5              200      0,8476       0,9465       0,9179       15,14       
0,010           0,2          5              300      0,8346       0,9429       0,9115       22,63       
0,010           0,2          5              500      0,8561       0,9490       0,9221       37,72       
0,010           0,2          10             200      0,8390       0,9441       0,9136       27,35       
0,010           0,2          10             300      0,8302       0,9416       0,9094       40,97       
0,010           0,2          10             500      0,8603       0,9503       0,9242       68,36       
0,010           0,3          3              200      0,8519       0,9478       0,9200       10,16       
0,010           0,3          3              300      0,8433       0,9453       0,9158       15,26       
0,010           0,3          3              500      0,8645       0,9515       0,9263       25,37       
0,010           0,3          5              200      0,8519       0,9478       0,9200       15,22       
0,010           0,3          5              300      0,8302       0,9416       0,9094       22,81       
0,010           0,3          5              500      0,8561       0,9490       0,9221       37,98       
0,010           0,3          10             200      0,8476       0,9465       0,9179       27,30       
0,010           0,3          10             300      0,8346       0,9429       0,9115       41,26       
0,010           0,3          10             500      0,8645       0,9515       0,9263       68,11       

====================================================================================================
EREDU ONENA:
  Parametroak : LearningRate=0,003 | Momentum=0,1 | HiddenLayers=5 | Epochs=500
  F-Measure (spam): 0,9320
  Entrenamendu denbora: 37,97 seg
