=== MultilayerPerceptron FINE-TUNING ===
Optimizazio metrika: F-Measure (spam)
Train: Partiketak/train_final.arff
Dev  : Partiketak/dev_final.arff

LearningRate    Momentum     HiddenLayers   Epochs   F-spam       F-ham        WAvg-F       Denbora(s)  
----------------------------------------------------------------------------------------------------
0,003           0,1          3              200      0,8873       0,9593       0,9384       15,52       
0,003           0,1          3              300      0,9000       0,9630       0,9447       23,04       
0,003           0,1          3              500      0,9046       0,9641       0,9469       38,72       
0,003           0,1          5              200      0,9071       0,9656       0,9487       23,83       
0,003           0,1          5              300      0,8968       0,9616       0,9428       35,11       
0,003           0,1          5              500      0,9046       0,9641       0,9469       58,51       
0,003           0,1          10             200      0,9078       0,9655       0,9488       42,54       
0,003           0,1          10             300      0,9007       0,9629       0,9449       63,88       
0,003           0,1          10             500      0,9046       0,9641       0,9469       106,63      
0,003           0,2          3              200      0,8708       0,9542       0,9301       15,63       
0,003           0,2          3              300      0,8881       0,9592       0,9386       23,46       
0,003           0,2          3              500      0,9046       0,9641       0,9469       40,28       
0,003           0,2          5              200      0,8873       0,9593       0,9384       23,40       
0,003           0,2          5              300      0,8961       0,9617       0,9427       35,15       
0,003           0,2          5              500      0,9046       0,9641       0,9469       58,56       
0,003           0,2          10             200      0,9032       0,9643       0,9466       43,42       
0,003           0,2          10             300      0,8961       0,9617       0,9427       63,66       
0,003           0,2          10             500      0,9007       0,9629       0,9449       105,96      
0,003           0,3          3              200      0,8708       0,9542       0,9301       15,66       
0,003           0,3          3              300      0,8881       0,9592       0,9386       23,19       
0,003           0,3          3              500      0,8929       0,9603       0,9408       38,44       
0,003           0,3          5              200      0,8750       0,9555       0,9322       23,38       
0,003           0,3          5              300      0,8881       0,9592       0,9386       35,01       
0,003           0,3          5              500      0,9046       0,9641       0,9469       58,46       
0,003           0,3          10             200      0,8873       0,9593       0,9384       42,52       
0,003           0,3          10             300      0,8881       0,9592       0,9386       63,26       
0,003           0,3          10             500      0,9007       0,9629       0,9449       105,30      
0,005           0,1          3              200      0,8625       0,9518       0,9259       15,82       
0,005           0,1          3              300      0,8676       0,9529       0,9282       23,09       
0,005           0,1          3              500      0,8929       0,9603       0,9408       38,36       
0,005           0,1          5              200      0,8667       0,9530       0,9280       23,25       
0,005           0,1          5              300      0,8800       0,9566       0,9344       34,72       
0,005           0,1          5              500      0,8929       0,9603       0,9408       57,83       
0,005           0,1          10             200      0,8667       0,9530       0,9280       42,09       
0,005           0,1          10             300      0,8841       0,9579       0,9365       63,16       
0,005           0,1          10             500      0,8889       0,9590       0,9387       105,86      
0,005           0,2          3              200      0,8625       0,9518       0,9259       15,38       
0,005           0,2          3              300      0,8718       0,9541       0,9303       22,98       
0,005           0,2          3              500      0,8921       0,9604       0,9406       38,52       
0,005           0,2          5              200      0,8625       0,9518       0,9259       23,23       
0,005           0,2          5              300      0,8676       0,9529       0,9282       34,83       
0,005           0,2          5              500      0,8889       0,9590       0,9387       58,34       
0,005           0,2          10             200      0,8667       0,9530       0,9280       42,25       
0,005           0,2          10             300      0,8800       0,9566       0,9344       63,86       
0,005           0,2          10             500      0,8889       0,9590       0,9387       110,71      
0,005           0,3          3              200      0,8582       0,9505       0,9238       15,52       
0,005           0,3          3              300      0,8800       0,9566       0,9344       23,21       
0,005           0,3          3              500      0,8921       0,9604       0,9406       38,49       
0,005           0,3          5              200      0,8625       0,9518       0,9259       23,50       
0,005           0,3          5              300      0,8635       0,9516       0,9261       34,94       
0,005           0,3          5              500      0,8889       0,9590       0,9387       58,53       
0,005           0,3          10             200      0,8550       0,9492       0,9219       43,03       
0,005           0,3          10             300      0,8676       0,9529       0,9282       63,04       
0,005           0,3          10             500      0,8889       0,9590       0,9387       106,16      
0,010           0,1          3              200      0,8453       0,9468       0,9174       15,72       
0,010           0,1          3              300      0,8881       0,9592       0,9386       23,88       
0,010           0,1          3              500      0,8881       0,9592       0,9386       40,45       
0,010           0,1          5              200      0,8496       0,9481       0,9195       23,74       
0,010           0,1          5              300      0,8841       0,9579       0,9365       35,32       
0,010           0,1          5              500      0,8921       0,9604       0,9406       59,85       
0,010           0,1          10             200      0,8496       0,9481       0,9195       44,75       
0,010           0,1          10             300      0,8718       0,9541       0,9303       64,13       
0,010           0,1          10             500      0,8921       0,9604       0,9406       106,57      
0,010           0,2          3              200      0,8453       0,9468       0,9174       15,37       
0,010           0,2          3              300      0,8929       0,9603       0,9408       23,31       
0,010           0,2          3              500      0,8849       0,9578       0,9367       38,83       
0,010           0,2          5              200      0,8539       0,9493       0,9217       23,64       
0,010           0,2          5              300      0,8936       0,9602       0,9409       36,19       
0,010           0,2          5              500      0,9091       0,9653       0,9490       59,04       
0,010           0,2          10             200      0,8507       0,9479       0,9198       43,09       
0,010           0,2          10             300      0,8881       0,9592       0,9386       64,91       
0,010           0,2          10             500      0,8881       0,9592       0,9386       107,57      
0,010           0,3          3              200      0,8333       0,9430       0,9112       16,66       
0,010           0,3          3              300      0,8889       0,9590       0,9387       23,79       
0,010           0,3          3              500      0,8881       0,9592       0,9386       39,03       
0,010           0,3          5              200      0,8539       0,9493       0,9217       23,66       
0,010           0,3          5              300      0,8921       0,9604       0,9406       35,37       
0,010           0,3          5              500      0,8727       0,9540       0,9305       58,80       
0,010           0,3          10             200      0,8507       0,9479       0,9198       43,98       
0,010           0,3          10             300      0,8936       0,9602       0,9409       64,45       
0,010           0,3          10             500      0,8881       0,9592       0,9386       107,22      

====================================================================================================
EREDU ONENA:
  Parametroak : LearningRate=0,010 | Momentum=0,2 | HiddenLayers=5 | Epochs=500
  F-Measure (spam): 0,9091
  Entrenamendu denbora: 59,04 seg
