=== MultilayerPerceptron FINE-TUNING ===
Optimizazio metrika: F-Measure (spam)
Train: Partiketak/train_final.arff
Dev  : Partiketak/dev_final.arff

LearningRate    Momentum     HiddenLayers   Epochs   F-spam       F-ham        WAvg-F       Denbora(s)  
----------------------------------------------------------------------------------------------------
0,003           0,1          3              200      0,8759       0,9554       0,9324       20,72       
0,003           0,1          3              300      0,9268       0,9720       0,9589       30,91       
0,003           0,1          3              500      0,9456       0,9784       0,9689       51,53       
0,003           0,1          5              200      0,8759       0,9554       0,9324       31,04       
0,003           0,1          5              300      0,8881       0,9592       0,9386       46,44       
0,003           0,1          5              500      0,9416       0,9772       0,9669       77,00       
0,003           0,1          10             200      0,9000       0,9630       0,9447       56,80       
0,003           0,1          10             300      0,9268       0,9720       0,9589       85,08       
0,003           0,1          10             500      0,9416       0,9772       0,9669       142,19      
0,003           0,2          3              200      0,8759       0,9554       0,9324       20,38       
0,003           0,2          3              300      0,9231       0,9707       0,9569       30,76       
0,003           0,2          3              500      0,9492       0,9798       0,9709       53,21       
0,003           0,2          5              200      0,8635       0,9516       0,9261       30,97       
0,003           0,2          5              300      0,8881       0,9592       0,9386       47,66       
0,003           0,2          5              500      0,9492       0,9798       0,9709       83,37       
0,003           0,2          10             200      0,8800       0,9566       0,9344       56,81       
0,003           0,2          10             300      0,9039       0,9642       0,9468       87,87       
0,003           0,2          10             500      0,9416       0,9772       0,9669       141,22      
0,003           0,3          3              200      0,8593       0,9504       0,9240       20,64       
0,003           0,3          3              300      0,8921       0,9604       0,9406       30,86       
0,003           0,3          3              500      0,9632       0,9851       0,9787       51,03       
0,003           0,3          5              200      0,8539       0,9493       0,9217       31,17       
0,003           0,3          5              300      0,8841       0,9579       0,9365       46,90       
0,003           0,3          5              500      0,9562       0,9824       0,9748       77,09       
0,003           0,3          10             200      0,8759       0,9554       0,9324       57,06       
0,003           0,3          10             300      0,8921       0,9604       0,9406       85,07       
0,003           0,3          10             500      0,9452       0,9785       0,9689       141,70      
0,005           0,1          3              200      0,8507       0,9479       0,9198       20,52       
0,005           0,1          3              300      0,8881       0,9592       0,9386       30,63       
0,005           0,1          3              500      0,9568       0,9823       0,9749       50,95       
0,005           0,1          5              200      0,8409       0,9456       0,9153       31,33       
0,005           0,1          5              300      0,8635       0,9516       0,9261       47,27       
0,005           0,1          5              500      0,9562       0,9824       0,9748       77,35       
0,005           0,1          10             200      0,8507       0,9479       0,9198       57,33       
0,005           0,1          10             300      0,8841       0,9579       0,9365       84,75       
0,005           0,1          10             500      0,9492       0,9798       0,9709       141,84      
0,005           0,2          3              200      0,8321       0,9432       0,9110       21,30       
0,005           0,2          3              300      0,8841       0,9579       0,9365       30,88       
0,005           0,2          3              500      0,9571       0,9823       0,9750       50,88       
0,005           0,2          5              200      0,8321       0,9432       0,9110       31,94       
0,005           0,2          5              300      0,8676       0,9529       0,9282       46,97       
0,005           0,2          5              500      0,9536       0,9809       0,9730       102,67      
0,005           0,2          10             200      0,8409       0,9456       0,9153       87,44       
0,005           0,2          10             300      0,8800       0,9566       0,9344       110,43      
0,005           0,2          10             500      0,9562       0,9824       0,9748       178,44      
0,005           0,3          3              200      0,8321       0,9432       0,9110       33,61       
0,005           0,3          3              300      0,8593       0,9504       0,9240       45,69       
0,005           0,3          3              500      0,9574       0,9822       0,9750       81,43       
0,005           0,3          5              200      0,8276       0,9419       0,9088       47,75       
0,005           0,3          5              300      0,8676       0,9529       0,9282       57,58       
0,005           0,3          5              500      0,9605       0,9836       0,9769       122,98      
0,005           0,3          10             200      0,8276       0,9419       0,9088       89,27       
0,005           0,3          10             300      0,8718       0,9541       0,9303       141,16      
0,005           0,3          10             500      0,9597       0,9837       0,9768       222,74      
0,010           0,1          3              200      0,8582       0,9505       0,9238       31,49       
0,010           0,1          3              300      0,9456       0,9784       0,9689       47,90       
0,010           0,1          3              500      0,8047       0,9359       0,8979       80,27       
0,010           0,1          5              200      0,8571       0,9506       0,9236       47,83       
0,010           0,1          5              300      0,8750       0,9555       0,9322       71,68       
0,010           0,1          5              500      0,9000       0,9630       0,9447       120,89      
0,010           0,1          10             200      0,8397       0,9457       0,9150       84,69       
0,010           0,1          10             300      0,9306       0,9733       0,9609       134,62      
0,010           0,1          10             500      0,9384       0,9758       0,9650       215,93      
0,010           0,2          3              200      0,8708       0,9542       0,9301       33,12       
0,010           0,2          3              300      0,9343       0,9746       0,9629       47,79       
0,010           0,2          3              500      0,9669       0,9864       0,9807       79,26       
0,010           0,2          5              200      0,8485       0,9482       0,9193       45,63       
0,010           0,2          5              300      0,8750       0,9555       0,9322       71,04       
0,010           0,2          5              500      0,8881       0,9592       0,9386       124,89      
0,010           0,2          10             200      0,8453       0,9468       0,9174       87,41       
0,010           0,2          10             300      0,9231       0,9707       0,9569       127,32      
0,010           0,2          10             500      0,8841       0,9579       0,9365       215,38      
0,010           0,3          3              200      0,8140       0,9383       0,9023       31,81       
0,010           0,3          3              300      0,8968       0,9616       0,9428       46,34       
0,010           0,3          3              500      0,9492       0,9798       0,9709       78,21       
0,010           0,3          5              200      0,9032       0,9643       0,9466       49,33       
0,010           0,3          5              300      0,8667       0,9530       0,9280       71,60       
0,010           0,3          5              500      0,8308       0,9433       0,9107       116,90      
0,010           0,3          10             200      0,8528       0,9494       0,9214       83,13       
0,010           0,3          10             300      0,8800       0,9566       0,9344       123,45      
0,010           0,3          10             500      0,8881       0,9592       0,9386       208,23      

====================================================================================================
EREDU ONENA:
  Parametroak : LearningRate=0,010 | Momentum=0,2 | HiddenLayers=3 | Epochs=500
  F-Measure (spam): 0,9669
  Entrenamendu denbora: 79,26 seg
