=== MultilayerPerceptron FINE-TUNING ===
Optimizazio metrika: F-Measure (spam)
Train: Partiketak/train_final.arff
Dev  : Partiketak/dev_final.arff

LearningRate    Momentum     HiddenLayers   Epochs   F-spam       F-ham        WAvg-F       Denbora(s)  
----------------------------------------------------------------------------------------------------
0,003           0,1          3              200      0,8667       0,9530       0,9280       20,66       
0,003           0,1          3              300      0,8841       0,9579       0,9365       31,32       
0,003           0,1          3              500      0,8961       0,9617       0,9427       51,28       
0,003           0,1          5              200      0,8657       0,9531       0,9278       31,50       
0,003           0,1          5              300      0,8750       0,9555       0,9322       46,87       
0,003           0,1          5              500      0,8881       0,9592       0,9386       78,08       
0,003           0,1          10             200      0,8921       0,9604       0,9406       56,74       
0,003           0,1          10             300      0,9000       0,9630       0,9447       88,23       
0,003           0,1          10             500      0,9039       0,9642       0,9468       141,20      
0,003           0,2          3              200      0,8614       0,9519       0,9257       20,71       
0,003           0,2          3              300      0,8759       0,9554       0,9324       31,01       
0,003           0,2          3              500      0,8961       0,9617       0,9427       51,42       
0,003           0,2          5              200      0,8657       0,9531       0,9278       32,15       
0,003           0,2          5              300      0,8750       0,9555       0,9322       46,55       
0,003           0,2          5              500      0,8881       0,9592       0,9386       77,53       
0,003           0,2          10             200      0,8873       0,9593       0,9384       59,47       
0,003           0,2          10             300      0,8841       0,9579       0,9365       85,68       
0,003           0,2          10             500      0,9039       0,9642       0,9468       145,17      
0,003           0,3          3              200      0,8657       0,9531       0,9278       20,72       
0,003           0,3          3              300      0,8708       0,9542       0,9301       32,03       
0,003           0,3          3              500      0,8881       0,9592       0,9386       51,52       
0,003           0,3          5              200      0,8614       0,9519       0,9257       31,27       
0,003           0,3          5              300      0,8708       0,9542       0,9301       46,71       
0,003           0,3          5              500      0,8849       0,9578       0,9367       78,09       
0,003           0,3          10             200      0,8750       0,9555       0,9322       56,66       
0,003           0,3          10             300      0,8800       0,9566       0,9344       84,81       
0,003           0,3          10             500      0,9039       0,9642       0,9468       141,33      
0,005           0,1          3              200      0,8614       0,9519       0,9257       20,83       
0,005           0,1          3              300      0,8708       0,9542       0,9301       30,91       
0,005           0,1          3              500      0,8921       0,9604       0,9406       52,18       
0,005           0,1          5              200      0,8571       0,9506       0,9236       31,63       
0,005           0,1          5              300      0,8625       0,9518       0,9259       47,43       
0,005           0,1          5              500      0,8889       0,9590       0,9387       81,95       
0,005           0,1          10             200      0,8699       0,9544       0,9299       56,69       
0,005           0,1          10             300      0,8718       0,9541       0,9303       85,04       
0,005           0,1          10             500      0,8921       0,9604       0,9406       145,68      
0,005           0,2          3              200      0,8539       0,9493       0,9217       20,79       
0,005           0,2          3              300      0,8625       0,9518       0,9259       31,08       
0,005           0,2          3              500      0,8929       0,9603       0,9408       51,73       
0,005           0,2          5              200      0,8441       0,9470       0,9172       31,29       
0,005           0,2          5              300      0,8582       0,9505       0,9238       49,19       
0,005           0,2          5              500      0,8929       0,9603       0,9408       77,97       
0,005           0,2          10             200      0,8657       0,9531       0,9278       56,80       
0,005           0,2          10             300      0,8676       0,9529       0,9282       85,14       
0,005           0,2          10             500      0,8929       0,9603       0,9408       142,18      
0,005           0,3          3              200      0,8496       0,9481       0,9195       21,06       
0,005           0,3          3              300      0,8625       0,9518       0,9259       30,91       
0,005           0,3          3              500      0,8929       0,9603       0,9408       51,64       
0,005           0,3          5              200      0,8352       0,9445       0,9129       31,32       
0,005           0,3          5              300      0,8582       0,9505       0,9238       46,77       
0,005           0,3          5              500      0,8929       0,9603       0,9408       78,28       
0,005           0,3          10             200      0,8571       0,9506       0,9236       56,99       
0,005           0,3          10             300      0,8676       0,9529       0,9282       85,11       
0,005           0,3          10             500      0,8929       0,9603       0,9408       142,08      
0,010           0,1          3              200      0,8276       0,9419       0,9088       20,67       
0,010           0,1          3              300      0,8421       0,9455       0,9155       31,20       
0,010           0,1          3              500      0,9046       0,9641       0,9469       51,67       
0,010           0,1          5              200      0,8000       0,9347       0,8957       31,29       
0,010           0,1          5              300      0,8507       0,9479       0,9198       46,86       
0,010           0,1          5              500      0,8849       0,9578       0,9367       78,23       
0,010           0,1          10             200      0,8441       0,9470       0,9172       56,99       
0,010           0,1          10             300      0,8593       0,9504       0,9240       88,54       
0,010           0,1          10             500      0,8929       0,9603       0,9408       148,64      
0,010           0,2          3              200      0,7888       0,9325       0,8909       20,88       
0,010           0,2          3              300      0,8464       0,9467       0,9177       31,05       
0,010           0,2          3              500      0,9046       0,9641       0,9469       52,05       
0,010           0,2          5              200      0,7905       0,9323       0,8913       31,58       
0,010           0,2          5              300      0,8507       0,9479       0,9198       46,74       
0,010           0,2          5              500      0,8929       0,9603       0,9408       78,08       
0,010           0,2          10             200      0,8453       0,9468       0,9174       57,11       
0,010           0,2          10             300      0,8582       0,9505       0,9238       87,84       
0,010           0,2          10             500      0,8889       0,9590       0,9387       144,49      
0,010           0,3          3              200      0,7119       0,9150       0,8562       20,93       
0,010           0,3          3              300      0,8289       0,9418       0,9091       31,21       
0,010           0,3          3              500      0,8849       0,9578       0,9367       51,90       
0,010           0,3          5              200      0,8093       0,9371       0,9001       31,54       
0,010           0,3          5              300      0,8593       0,9504       0,9240       47,20       
0,010           0,3          5              500      0,8929       0,9603       0,9408       80,18       
0,010           0,3          10             200      0,8441       0,9470       0,9172       57,36       
0,010           0,3          10             300      0,8352       0,9445       0,9129       86,38       
0,010           0,3          10             500      0,8936       0,9602       0,9409       143,36      

====================================================================================================
EREDU ONENA:
  Parametroak : LearningRate=0,010 | Momentum=0,1 | HiddenLayers=3 | Epochs=500
  F-Measure (spam): 0,9046
  Entrenamendu denbora: 51,67 seg
