=== MultilayerPerceptron FINE-TUNING ===
Optimizazio metrika: F-Measure (spam)
Train: Partiketak/train_final.arff
Dev  : Partiketak/dev_final.arff

LearningRate    Momentum     HiddenLayers   Epochs   F-spam       F-ham        WAvg-F       Denbora(s)  
----------------------------------------------------------------------------------------------------
0,003           0,1          3              200      0,8824       0,9581       0,9362       22,93       
0,003           0,1          3              300      0,8953       0,9618       0,9425       34,29       
0,003           0,1          3              500      0,9039       0,9642       0,9468       56,83       
0,003           0,1          5              200      0,8824       0,9581       0,9362       34,01       
0,003           0,1          5              300      0,8913       0,9605       0,9405       48,03       
0,003           0,1          5              500      0,9039       0,9642       0,9468       79,55       
0,003           0,1          10             200      0,8873       0,9593       0,9384       61,06       
0,003           0,1          10             300      0,8993       0,9631       0,9446       85,32       
0,003           0,1          10             500      0,9000       0,9630       0,9447       146,64      
0,003           0,2          3              200      0,8782       0,9569       0,9341       20,59       
0,003           0,2          3              300      0,8873       0,9593       0,9384       31,17       
0,003           0,2          3              500      0,9039       0,9642       0,9468       52,23       
0,003           0,2          5              200      0,8741       0,9556       0,9320       31,07       
0,003           0,2          5              300      0,8873       0,9593       0,9384       46,43       
0,003           0,2          5              500      0,9039       0,9642       0,9468       77,26       
0,003           0,2          10             200      0,8905       0,9606       0,9403       57,83       
0,003           0,2          10             300      0,8993       0,9631       0,9446       88,40       
0,003           0,2          10             500      0,9000       0,9630       0,9447       142,10      
0,003           0,3          3              200      0,8741       0,9556       0,9320       20,63       
0,003           0,3          3              300      0,8750       0,9555       0,9322       30,92       
0,003           0,3          3              500      0,9000       0,9630       0,9447       51,31       
0,003           0,3          5              200      0,8699       0,9544       0,9299       31,18       
0,003           0,3          5              300      0,8791       0,9567       0,9343       46,36       
0,003           0,3          5              500      0,8961       0,9617       0,9427       77,56       
0,003           0,3          10             200      0,8864       0,9594       0,9383       56,59       
0,003           0,3          10             300      0,8913       0,9605       0,9405       85,02       
0,003           0,3          10             500      0,9039       0,9642       0,9468       141,89      
0,005           0,1          3              200      0,8528       0,9494       0,9214       21,14       
0,005           0,1          3              300      0,8708       0,9542       0,9301       30,59       
0,005           0,1          3              500      0,9078       0,9655       0,9488       50,95       
0,005           0,1          5              200      0,8571       0,9506       0,9236       31,17       
0,005           0,1          5              300      0,8708       0,9542       0,9301       46,33       
0,005           0,1          5              500      0,8961       0,9617       0,9427       76,94       
0,005           0,1          10             200      0,8614       0,9519       0,9257       58,30       
0,005           0,1          10             300      0,8750       0,9555       0,9322       89,31       
0,005           0,1          10             500      0,8961       0,9617       0,9427       141,61      
0,005           0,2          3              200      0,8485       0,9482       0,9193       20,46       
0,005           0,2          3              300      0,8667       0,9530       0,9280       30,67       
0,005           0,2          3              500      0,9078       0,9655       0,9488       51,33       
0,005           0,2          5              200      0,8485       0,9482       0,9193       31,05       
0,005           0,2          5              300      0,8708       0,9542       0,9301       47,65       
0,005           0,2          5              500      0,8961       0,9617       0,9427       77,13       
0,005           0,2          10             200      0,8528       0,9494       0,9214       56,71       
0,005           0,2          10             300      0,8667       0,9530       0,9280       84,93       
0,005           0,2          10             500      0,8961       0,9617       0,9427       149,39      
0,005           0,3          3              200      0,8485       0,9482       0,9193       20,55       
0,005           0,3          3              300      0,8667       0,9530       0,9280       30,81       
0,005           0,3          3              500      0,9046       0,9641       0,9469       51,09       
0,005           0,3          5              200      0,8397       0,9457       0,9150       31,26       
0,005           0,3          5              300      0,8750       0,9555       0,9322       46,72       
0,005           0,3          5              500      0,9039       0,9642       0,9468       77,30       
0,005           0,3          10             200      0,8485       0,9482       0,9193       56,66       
0,005           0,3          10             300      0,8667       0,9530       0,9280       85,04       
0,005           0,3          10             500      0,9000       0,9630       0,9447       142,04      
0,010           0,1          3              200      0,8171       0,9397       0,9042       20,62       
0,010           0,1          3              300      0,8750       0,9555       0,9322       30,72       
0,010           0,1          3              500      0,9046       0,9641       0,9469       50,99       
0,010           0,1          5              200      0,8528       0,9494       0,9214       31,07       
0,010           0,1          5              300      0,8708       0,9542       0,9301       46,40       
0,010           0,1          5              500      0,9252       0,9704       0,9573       78,34       
0,010           0,1          10             200      0,8397       0,9457       0,9150       56,64       
0,010           0,1          10             300      0,8750       0,9555       0,9322       85,35       
0,010           0,1          10             500      0,9046       0,9641       0,9469       141,14      
0,010           0,2          3              200      0,7742       0,9289       0,8841       20,83       
0,010           0,2          3              300      0,8539       0,9493       0,9217       31,56       
0,010           0,2          3              500      0,9091       0,9653       0,9490       51,42       
0,010           0,2          5              200      0,8485       0,9482       0,9193       31,13       
0,010           0,2          5              300      0,8759       0,9554       0,9324       48,96       
0,010           0,2          5              500      0,9059       0,9640       0,9471       77,28       
0,010           0,2          10             200      0,8485       0,9482       0,9193       58,77       
0,010           0,2          10             300      0,8667       0,9530       0,9280       84,69       
0,010           0,2          10             500      0,9046       0,9641       0,9469       141,56      
0,010           0,3          3              200      0,7953       0,9335       0,8935       20,53       
0,010           0,3          3              300      0,8881       0,9592       0,9386       30,74       
0,010           0,3          3              500      0,9161       0,9680       0,9530       50,71       
0,010           0,3          5              200      0,8263       0,9421       0,9085       30,84       
0,010           0,3          5              300      0,9007       0,9629       0,9449       47,20       
0,010           0,3          5              500      0,9091       0,9653       0,9490       77,59       
0,010           0,3          10             200      0,8441       0,9470       0,9172       58,34       
0,010           0,3          10             300      0,8841       0,9579       0,9365       85,91       
0,010           0,3          10             500      0,9014       0,9628       0,9450       141,50      

====================================================================================================
EREDU ONENA:
  Parametroak : LearningRate=0,010 | Momentum=0,1 | HiddenLayers=5 | Epochs=500
  F-Measure (spam): 0,9252
  Entrenamendu denbora: 78,34 seg
