=== MultilayerPerceptron FINE-TUNING ===
Optimizazio metrika: F-Measure (spam)
Train: Partiketak/train_final.arff
Dev  : Partiketak/dev_final.arff

LearningRate    Momentum     HiddenLayers   Epochs   F-spam       F-ham        WAvg-F       Denbora(s)  
----------------------------------------------------------------------------------------------------
0,003           0,1          3              200      0,8961       0,9617       0,9427       20,94       
0,003           0,1          3              300      0,9488       0,9798       0,9708       31,17       
0,003           0,1          3              500      0,9632       0,9851       0,9787       52,00       
0,003           0,1          5              200      0,9039       0,9642       0,9468       31,29       
0,003           0,1          5              300      0,9416       0,9772       0,9669       46,93       
0,003           0,1          5              500      0,9559       0,9825       0,9748       78,14       
0,003           0,1          10             200      0,9117       0,9668       0,9508       56,78       
0,003           0,1          10             300      0,9488       0,9798       0,9708       85,82       
0,003           0,1          10             500      0,9524       0,9811       0,9728       146,54      
0,003           0,2          3              200      0,8841       0,9579       0,9365       22,40       
0,003           0,2          3              300      0,9452       0,9785       0,9689       31,23       
0,003           0,2          3              500      0,9600       0,9837       0,9768       52,80       
0,003           0,2          5              200      0,8800       0,9566       0,9344       31,77       
0,003           0,2          5              300      0,9379       0,9759       0,9649       49,96       
0,003           0,2          5              500      0,9562       0,9824       0,9748       80,07       
0,003           0,2          10             200      0,9078       0,9655       0,9488       58,14       
0,003           0,2          10             300      0,9416       0,9772       0,9669       88,24       
0,003           0,2          10             500      0,9559       0,9825       0,9748       144,66      
0,003           0,3          3              200      0,8800       0,9566       0,9344       20,57       
0,003           0,3          3              300      0,9452       0,9785       0,9689       30,95       
0,003           0,3          3              500      0,9669       0,9864       0,9807       53,09       
0,003           0,3          5              200      0,8832       0,9580       0,9363       31,71       
0,003           0,3          5              300      0,9379       0,9759       0,9649       47,41       
0,003           0,3          5              500      0,9562       0,9824       0,9748       79,41       
0,003           0,3          10             200      0,9000       0,9630       0,9447       57,77       
0,003           0,3          10             300      0,9416       0,9772       0,9669       86,36       
0,003           0,3          10             500      0,9559       0,9825       0,9748       144,14      
0,005           0,1          3              200      0,8921       0,9604       0,9406       20,95       
0,005           0,1          3              300      0,9488       0,9798       0,9708       31,89       
0,005           0,1          3              500      0,9600       0,9837       0,9768       53,88       
0,005           0,1          5              200      0,8832       0,9580       0,9363       31,60       
0,005           0,1          5              300      0,9452       0,9785       0,9689       49,88       
0,005           0,1          5              500      0,9632       0,9851       0,9787       78,61       
0,005           0,1          10             200      0,8841       0,9579       0,9365       57,65       
0,005           0,1          10             300      0,9379       0,9759       0,9649       85,51       
0,005           0,1          10             500      0,9597       0,9837       0,9768       149,37      
0,005           0,2          3              200      0,9000       0,9630       0,9447       20,62       
0,005           0,2          3              300      0,9524       0,9811       0,9728       31,04       
0,005           0,2          3              500      0,9603       0,9837       0,9769       52,34       
0,005           0,2          5              200      0,8791       0,9567       0,9343       31,78       
0,005           0,2          5              300      0,9452       0,9785       0,9689       46,77       
0,005           0,2          5              500      0,9635       0,9850       0,9788       79,39       
0,005           0,2          10             200      0,8832       0,9580       0,9363       57,31       
0,005           0,2          10             300      0,9416       0,9772       0,9669       85,61       
0,005           0,2          10             500      0,9632       0,9851       0,9787       142,89      
0,005           0,3          3              200      0,9379       0,9759       0,9649       20,55       
0,005           0,3          3              300      0,9559       0,9825       0,9748       30,95       
0,005           0,3          3              500      0,9637       0,9850       0,9788       51,33       
0,005           0,3          5              200      0,8750       0,9555       0,9322       31,13       
0,005           0,3          5              300      0,9416       0,9772       0,9669       47,18       
0,005           0,3          5              500      0,9637       0,9850       0,9788       79,38       
0,005           0,3          10             200      0,8625       0,9518       0,9259       56,87       
0,005           0,3          10             300      0,9452       0,9785       0,9689       85,51       
0,005           0,3          10             500      0,9637       0,9850       0,9788       141,94      
0,010           0,1          3              200      0,8921       0,9604       0,9406       21,15       
0,010           0,1          3              300      0,9000       0,9630       0,9447       32,32       
0,010           0,1          3              500      0,9306       0,9733       0,9609       51,22       
0,010           0,1          5              200      0,8571       0,9506       0,9236       31,19       
0,010           0,1          5              300      0,9485       0,9799       0,9708       47,65       
0,010           0,1          5              500      0,8921       0,9604       0,9406       81,99       
0,010           0,1          10             200      0,8921       0,9604       0,9406       56,38       
0,010           0,1          10             300      0,9117       0,9668       0,9508       88,42       
0,010           0,1          10             500      0,9632       0,9851       0,9787       141,14      
0,010           0,2          3              200      0,9524       0,9811       0,9728       20,57       
0,010           0,2          3              300      0,9416       0,9772       0,9669       30,55       
0,010           0,2          3              500      0,9568       0,9823       0,9749       50,99       
0,010           0,2          5              200      0,9225       0,9707       0,9568       31,69       
0,010           0,2          5              300      0,9338       0,9746       0,9628       46,82       
0,010           0,2          5              500      0,8841       0,9579       0,9365       77,78       
0,010           0,2          10             200      0,9000       0,9630       0,9447       56,83       
0,010           0,2          10             300      0,9343       0,9746       0,9629       84,93       
0,010           0,2          10             500      0,9524       0,9811       0,9728       141,19      
0,010           0,3          3              200      0,9530       0,9810       0,9729       20,51       
0,010           0,3          3              300      0,8708       0,9542       0,9301       30,59       
0,010           0,3          3              500      0,9428       0,9770       0,9671       51,06       
0,010           0,3          5              200      0,8352       0,9445       0,9129       31,12       
0,010           0,3          5              300      0,9039       0,9642       0,9468       46,57       
0,010           0,3          5              500      0,8708       0,9542       0,9301       77,69       
0,010           0,3          10             200      0,8881       0,9592       0,9386       56,77       
0,010           0,3          10             300      0,9379       0,9759       0,9649       84,66       
0,010           0,3          10             500      0,9078       0,9655       0,9488       141,32      

====================================================================================================
EREDU ONENA:
  Parametroak : LearningRate=0,003 | Momentum=0,3 | HiddenLayers=3 | Epochs=500
  F-Measure (spam): 0,9669
  Entrenamendu denbora: 53,09 seg
