=== MultilayerPerceptron FINE-TUNING ===
Optimizazio metrika: F-Measure (spam)
Train: Partiketak/train_final.arff
Dev  : Partiketak/dev_final.arff

LearningRate    Momentum     HiddenLayers   Epochs   F-spam       F-ham        WAvg-F       Denbora(s)  
----------------------------------------------------------------------------------------------------
0,003           0,4          5              100      0,8441       0,9470       0,9172       16,07       
0,003           0,4          5              200      0,8614       0,9519       0,9257       31,76       
0,003           0,4          10             100      0,8657       0,9531       0,9278       31,51       
0,003           0,4          10             200      0,8741       0,9556       0,9320       59,55       
0,003           0,4          20             100      0,8528       0,9494       0,9214       58,82       
0,003           0,4          20             200      0,8528       0,9494       0,9214       120,04      
0,003           0,6          5              100      0,8263       0,9421       0,9085       16,51       
0,003           0,6          5              200      0,8485       0,9482       0,9193       33,04       
0,003           0,6          10             100      0,8397       0,9457       0,9150       29,57       
0,003           0,6          10             200      0,8485       0,9482       0,9193       67,75       
0,003           0,6          20             100      0,8352       0,9445       0,9129       56,60       
0,003           0,6          20             200      0,8397       0,9457       0,9150       112,54      
0,003           0,8          5              100      0,8485       0,9482       0,9193       15,69       
0,003           0,8          5              200      0,8841       0,9579       0,9365       31,11       
0,003           0,8          10             100      0,8397       0,9457       0,9150       29,68       
0,003           0,8          10             200      0,8841       0,9579       0,9365       56,89       
0,003           0,8          20             100      0,8308       0,9433       0,9107       56,89       
0,003           0,8          20             200      0,8841       0,9579       0,9365       113,20      
0,005           0,4          5              100      0,8125       0,9385       0,9020       15,59       
0,005           0,4          5              200      0,8397       0,9457       0,9150       32,56       
0,005           0,4          10             100      0,8263       0,9421       0,9085       30,09       
0,005           0,4          10             200      0,8352       0,9445       0,9129       56,73       
0,005           0,4          20             100      0,8171       0,9397       0,9042       56,47       
0,005           0,4          20             200      0,8308       0,9433       0,9107       117,73      
0,005           0,6          5              100      0,8171       0,9397       0,9042       15,53       
0,005           0,6          5              200      0,8171       0,9397       0,9042       31,09       
0,005           0,6          10             100      0,8078       0,9373       0,8998       29,43       
0,005           0,6          10             200      0,8263       0,9421       0,9085       56,54       
0,005           0,6          20             100      0,8171       0,9397       0,9042       56,54       
0,005           0,6          20             200      0,8263       0,9421       0,9085       115,31      
0,005           0,8          5              100      0,8635       0,9516       0,9261       15,61       
0,005           0,8          5              200      0,8800       0,9566       0,9344       31,03       
0,005           0,8          10             100      0,8171       0,9397       0,9042       28,56       
0,005           0,8          10             200      0,8539       0,9493       0,9217       56,88       
0,005           0,8          20             100      0,8453       0,9468       0,9174       56,87       
0,005           0,8          20             200      0,8921       0,9604       0,9406       115,76      

====================================================================================================
EREDU ONENA:
  Parametroak : LearningRate=0,005 | Momentum=0,8 | HiddenLayers=20 | Epochs=200
  F-Measure (spam): 0,8921
  Entrenamendu denbora: 115,76 seg
