=== MultilayerPerceptron FINE-TUNING ===
Optimizazio metrika: F-Measure (spam)
Train: Partiketak/train_final.arff
Dev  : Partiketak/dev_final.arff

LearningRate    Momentum     HiddenLayers   Epochs   F-spam       F-ham        WAvg-F       Denbora(s)  
----------------------------------------------------------------------------------------------------
0,003           0,4          10             100      0,9787       0,9911       0,9875       46,86       
0,003           0,4          10             200      0,9803       0,9918       0,9885       93,20       
0,003           0,4          20             100      0,9787       0,9911       0,9875       92,99       
0,003           0,4          20             200      0,9803       0,9918       0,9885       181,99      
0,003           0,4          30             100      0,9787       0,9911       0,9875       135,86      
0,003           0,4          30             200      0,9803       0,9918       0,9885       274,51      
0,003           0,6          10             100      0,9787       0,9911       0,9875       47,16       
0,003           0,6          10             200      0,9803       0,9918       0,9885       94,28       
0,003           0,6          20             100      0,9819       0,9925       0,9894       96,07       
0,003           0,6          20             200      0,9803       0,9918       0,9885       184,40      
0,003           0,6          30             100      0,9819       0,9925       0,9894       136,31      
0,003           0,6          30             200      0,9803       0,9918       0,9885       283,00      
0,003           0,8          10             100      0,9836       0,9932       0,9904       47,51       
0,003           0,8          10             200      0,9804       0,9918       0,9885       94,43       
0,003           0,8          20             100      0,9835       0,9932       0,9904       92,43       
0,003           0,8          20             200      0,9804       0,9918       0,9885       197,38      
0,003           0,8          30             100      0,9835       0,9932       0,9904       139,93      
0,003           0,8          30             200      0,9770       0,9904       0,9865       282,49      
0,005           0,4          10             100      0,9819       0,9925       0,9894       47,71       
0,005           0,4          10             200      0,9804       0,9918       0,9885       93,00       
0,005           0,4          20             100      0,9819       0,9925       0,9894       92,31       
0,005           0,4          20             200      0,9803       0,9918       0,9885       196,22      
0,005           0,4          30             100      0,9819       0,9925       0,9894       131,00      
0,005           0,4          30             200      0,9803       0,9918       0,9885       266,63      
0,005           0,6          10             100      0,9771       0,9904       0,9866       43,79       
0,005           0,6          10             200      0,9804       0,9918       0,9885       95,82       
0,005           0,6          20             100      0,9803       0,9918       0,9885       95,59       
0,005           0,6          20             200      0,9804       0,9918       0,9885       181,71      
0,005           0,6          30             100      0,9819       0,9925       0,9894       139,09      
0,005           0,6          30             200      0,9787       0,9911       0,9875       271,48      
0,005           0,8          10             100      0,9851       0,9939       0,9913       47,58       
0,005           0,8          10             200      0,9771       0,9904       0,9866       93,50       
0,005           0,8          20             100      0,9834       0,9932       0,9904       91,39       
0,005           0,8          20             200      0,9819       0,9925       0,9894       185,42      
0,005           0,8          30             100      0,9803       0,9918       0,9885       137,53      
0,005           0,8          30             200      0,9787       0,9911       0,9875       277,95      

====================================================================================================
EREDU ONENA:
  Parametroak : LearningRate=0,005 | Momentum=0,8 | HiddenLayers=10 | Epochs=100
  F-Measure (spam): 0,9851
  Entrenamendu denbora: 47,58 seg
