=== FINE-TUNING MultilayerPerceptron ===
Metrica optimizacion: F-Measure (spam)
Train: Partiketak/train_final.arff
Dev  : Partiketak/dev_final.arff

LearningRate    Momentum     HiddenLayers   Epochs   F-spam       F-ham        WAvg-F      
-------------------------------------------------------------------------------------
0,001           0,2          3              100      0,9609       0,9835       0,9770      
0,001           0,2          5              100      0,9561       0,9814       0,9741      
0,001           0,2          10             100      0,9660       0,9855       0,9799      
0,001           0,3          3              100      0,9691       0,9869       0,9818      
0,001           0,3          5              100      0,9592       0,9828       0,9760      
0,001           0,3          10             100      0,9660       0,9855       0,9799      
0,001           0,4          3              100      0,9691       0,9869       0,9818      
0,001           0,4          5              100      0,9675       0,9862       0,9808      
0,001           0,4          10             100      0,9675       0,9862       0,9808      
0,005           0,2          3              100      0,9771       0,9904       0,9866      
0,005           0,2          5              100      0,9755       0,9897       0,9856      
0,005           0,2          10             100      0,9803       0,9918       0,9885      
0,005           0,3          3              100      0,9771       0,9904       0,9866      
0,005           0,3          5              100      0,9755       0,9897       0,9856      
0,005           0,3          10             100      0,9803       0,9918       0,9885      
0,005           0,4          3              100      0,9771       0,9904       0,9866      
0,005           0,4          5              100      0,9755       0,9897       0,9856      
0,005           0,4          10             100      0,9819       0,9925       0,9894      
0,010           0,2          3              100      0,9740       0,9890       0,9847      
0,010           0,2          5              100      0,9739       0,9890       0,9846      
0,010           0,2          10             100      0,9787       0,9911       0,9875      
0,010           0,3          3              100      0,9709       0,9876       0,9828      
0,010           0,3          5              100      0,9755       0,9897       0,9856      
0,010           0,3          10             100      0,9755       0,9897       0,9856      
0,010           0,4          3              100      0,9740       0,9890       0,9847      
0,010           0,4          5              100      0,9739       0,9890       0,9846      
0,010           0,4          10             100      0,9739       0,9890       0,9846      

=====================================================================================
MEJOR MODELO:
  Parametros : LearningRate=0,005 | Momentum=0,4 | HiddenLayers=10 | Epochs=100
  F-Measure (spam): 0,9819
