=== MultilayerPerceptron FINE-TUNING ===
Optimizazio metrika: F-Measure (spam)
Train: Partiketak/train_final.arff
Dev  : Partiketak/dev_final.arff

LearningRate    Momentum     HiddenLayers   Epochs   F-spam       F-ham        WAvg-F       Denbora(s)  
----------------------------------------------------------------------------------------------------
0,003           0,4          5              100      0,9605       0,9836       0,9769       24,19       
0,003           0,4          5              200      0,9453       0,9766       0,9675       48,50       
0,003           0,4          10             100      0,9637       0,9850       0,9788       44,23       
0,003           0,4          10             200      0,9484       0,9780       0,9694       89,12       
0,003           0,4          20             100      0,9669       0,9864       0,9807       89,17       
0,003           0,4          20             200      0,9453       0,9766       0,9675       172,89      
0,003           0,6          5              100      0,9548       0,9807       0,9732       23,60       
0,003           0,6          5              200      0,9367       0,9722       0,9619       46,58       
0,003           0,6          10             100      0,9545       0,9808       0,9732       43,08       
0,003           0,6          10             200      0,9427       0,9751       0,9657       89,10       
0,003           0,6          20             100      0,9571       0,9823       0,9750       86,66       
0,003           0,6          20             200      0,9338       0,9708       0,9601       172,79      
0,003           0,8          5              100      0,9632       0,9851       0,9787       23,40       
0,003           0,8          5              200      0,9505       0,9795       0,9711       46,93       
0,003           0,8          10             100      0,9515       0,9794       0,9713       42,72       
0,003           0,8          10             200      0,9463       0,9783       0,9691       85,31       
0,003           0,8          20             100      0,9484       0,9780       0,9694       88,94       
0,003           0,8          20             200      0,9502       0,9796       0,9711       172,14      
0,005           0,4          5              100      0,9521       0,9793       0,9714       24,69       
0,005           0,4          5              200      0,9397       0,9736       0,9638       46,39       
0,005           0,4          10             100      0,9453       0,9766       0,9675       42,51       
0,005           0,4          10             200      0,9427       0,9751       0,9657       91,25       
0,005           0,4          20             100      0,9515       0,9794       0,9713       88,46       
0,005           0,4          20             200      0,9338       0,9708       0,9601       172,77      
0,005           0,6          5              100      0,9430       0,9750       0,9657       23,53       
0,005           0,6          5              200      0,9477       0,9781       0,9693       48,57       
0,005           0,6          10             100      0,9430       0,9750       0,9657       42,73       
0,005           0,6          10             200      0,9453       0,9766       0,9675       84,98       
0,005           0,6          20             100      0,9423       0,9751       0,9656       85,92       
0,005           0,6          20             200      0,9505       0,9795       0,9711       177,72      
0,005           0,8          5              100      0,9161       0,9680       0,9530       23,76       
0,005           0,8          5              200      0,9359       0,9724       0,9618       46,22       
0,005           0,8          10             100      0,9605       0,9836       0,9769       42,87       
0,005           0,8          10             200      0,9384       0,9758       0,9650       85,83       
0,005           0,8          20             100      0,9562       0,9824       0,9748       89,03       
0,005           0,8          20             200      0,9568       0,9823       0,9749       177,03      

====================================================================================================
EREDU ONENA:
  Parametroak : LearningRate=0,003 | Momentum=0,4 | HiddenLayers=20 | Epochs=100
  F-Measure (spam): 0,9669
  Entrenamendu denbora: 89,17 seg
