=== MultilayerPerceptron FINE-TUNING ===
Optimizazio metrika: F-Measure (spam)
Train: Partiketak/train_final.arff
Dev  : Partiketak/dev_final.arff

LearningRate    Momentum     HiddenLayers   Epochs   F-spam       F-ham        WAvg-F       Denbora(s)  
----------------------------------------------------------------------------------------------------
0,003           0,4          10             100      0,8657       0,9531       0,9278       28,53       
0,003           0,4          10             200      0,8741       0,9556       0,9320       59,74       
0,003           0,4          20             100      0,8528       0,9494       0,9214       62,31       
0,003           0,4          20             200      0,8528       0,9494       0,9214       121,07      
0,003           0,4          30             100      0,8352       0,9445       0,9129       91,45       
0,003           0,4          30             200      0,8528       0,9494       0,9214       179,80      
0,003           0,6          10             100      0,8397       0,9457       0,9150       28,30       
0,003           0,6          10             200      0,8485       0,9482       0,9193       56,93       
0,003           0,6          20             100      0,8352       0,9445       0,9129       58,61       
0,003           0,6          20             200      0,8397       0,9457       0,9150       112,85      
0,003           0,6          30             100      0,8308       0,9433       0,9107       84,84       
0,003           0,6          30             200      0,8308       0,9433       0,9107       169,95      
0,003           0,8          10             100      0,8397       0,9457       0,9150       28,67       
0,003           0,8          10             200      0,8841       0,9579       0,9365       58,62       
0,003           0,8          20             100      0,8308       0,9433       0,9107       56,79       
0,003           0,8          20             200      0,8841       0,9579       0,9365       116,05      
0,003           0,8          30             100      0,8308       0,9433       0,9107       88,18       
0,003           0,8          30             200      0,8365       0,9444       0,9131       184,95      
0,005           0,4          10             100      0,8263       0,9421       0,9085       30,08       
0,005           0,4          10             200      0,8352       0,9445       0,9129       59,98       
0,005           0,4          20             100      0,8171       0,9397       0,9042       59,30       
0,005           0,4          20             200      0,8308       0,9433       0,9107       122,28      
0,005           0,4          30             100      0,8217       0,9409       0,9064       88,31       
0,005           0,4          30             200      0,8217       0,9409       0,9064       170,52      
0,005           0,6          10             100      0,8078       0,9373       0,8998       28,58       
0,005           0,6          10             200      0,8263       0,9421       0,9085       60,03       
0,005           0,6          20             100      0,8171       0,9397       0,9042       56,76       
0,005           0,6          20             200      0,8263       0,9421       0,9085       113,00      
0,005           0,6          30             100      0,8125       0,9385       0,9020       88,33       
0,005           0,6          30             200      0,8667       0,9530       0,9280       170,09      
0,005           0,8          10             100      0,8171       0,9397       0,9042       28,57       
0,005           0,8          10             200      0,8539       0,9493       0,9217       56,74       
0,005           0,8          20             100      0,8453       0,9468       0,9174       58,55       
0,005           0,8          20             200      0,8921       0,9604       0,9406       113,20      
0,005           0,8          30             100      0,8635       0,9516       0,9261       85,62       
0,005           0,8          30             200      0,8718       0,9541       0,9303       172,75      

====================================================================================================
EREDU ONENA:
  Parametroak : LearningRate=0,005 | Momentum=0,8 | HiddenLayers=20 | Epochs=200
  F-Measure (spam): 0,8921
  Entrenamendu denbora: 113,20 seg
